time,x,y,z,phi,theta,psi,x_velocity,y_velocity,z_velocity,phi_velocity,theta_velocity,psi_velocity,rotor_speed1,rotor_speed2,rotor_speed3,rotor_speed4
0.06,5.2078883270442425e-08,-8.778703844942776e-08,10.002736335718806,6.283004106689415,6.28310474674892,0.0,5.646348192111865e-06,-1.1232483860195526e-05,0.09120754653070319,-0.009872675491229398,-0.004173382061323321,0.0,434.50065693648855,434.1507305815702,434.2911337887608,433.46246947870776
0.12000000000000001,3.987868212601709e-06,-7.79531321800573e-06,10.018021529147621,6.282978862606344,6.282581023620663,0.0,0.00017524171853902233,-0.0002812177963171166,0.41823683563240543,0.01381017671917687,-0.019900851701907227,0.0,504.35539756100354,503.218525800535,503.03964459376886,504.7514080868368
0.18,3.069719020957435e-05,-2.5615466218981533e-05,10.046233438045398,0.0007841397101815417,6.2820887693962515,0.0,0.0007946459366105048,-0.00021898036685953512,0.5221177365888741,0.021425329728087437,0.008477750352000608,0.0,437.24003355889397,439.59760144395744,437.92513879026126,438.5579328557783
0.23999999999999996,9.999733015215809e-05,-1.6817493262521836e-05,10.081420415944086,0.001983680102585872,6.28252073841786,0.0,0.0014651863642798264,0.0006443652363041896,0.6507164610642828,0.016960491027849217,0.004511801356360617,0.0,446.7033922327341,446.37980773837666,446.01313475421415,445.6483590823231
0.3,0.00020126770150703384,6.93333894269643e-05,10.124693136856424,0.002925449497571897,6.282887782905899,0.0,0.0018757875821561784,0.0023331476247420973,0.7916198885833953,0.013039490073587859,0.009149506351379694,0.0,449.33390007124837,449.7095605615009,450.9323547784683,450.61544693064957
0.36000000000000004,0.00031760251909357986,0.00026731666401637083,10.173443192026308,0.00357982239059762,2.1205787598788106e-05,0.0,0.0019602259388221315,0.00433364171292972,0.8333519633929215,0.006256265258580451,-0.0037494192228870755,0.0,420.03725447721473,418.91720766305826,418.1349155804146,417.5435271805747
0.4200000000000001,0.00043564569653144073,0.0005909259279082893,10.223190562447172,0.004057832633529657,6.282808039722415,0.0,0.0020007042513200133,0.006490202772981721,0.824899781070272,0.011185551041799031,-0.013163522501408209,0.0,401.8322441544351,400.97813637518806,401.85770104857585,402.30410897473007
0.48000000000000015,0.0005690389592659834,0.0010864025647534998,10.280412221782584,0.004580052866189455,6.281684937477749,0.0,0.0025612931498678014,0.010100242729936927,1.0822806979209416,0.003209668597096541,-0.03315877677598243,0.0,486.3741963850783,484.8745879270778,484.6460051243768,484.04611253517567
0.5400000000000001,0.0007649240136937741,0.0017964116100181705,10.350242719347019,0.004593173532638772,6.279375336318854,0.0,0.004203832132786231,0.013578299189698051,1.245238513250023,-0.006559057695872263,-0.052171644689977606,0.0,457.9470243959915,456.4315721346407,458.4380214014335,457.66124631350357
0.6000000000000002,0.0011244417339219069,0.0027223360871157193,10.431927177638938,0.004045103631379554,6.276789574295396,0.0,0.008120984583983446,0.017228088042995648,1.477304849285201,-0.014859621079643538,-0.02930626268405592,0.0,477.30896131183675,479.0495937933908,479.1207308910793,478.489428584052
0.6600000000000003,0.0017393011932010122,0.003830338308855864,10.52187901807221,0.0037544763206884824,6.274826128006797,0.0,0.012547256410197636,0.019654538911427853,1.5210314337911228,0.010027110755259498,-0.04062604658997024,0.0,421.04041258496653,420.0595042651669,420.1132855927102,422.26549685815826
0.7200000000000003,0.0026875834579196097,0.005095441258522864,10.617672456693697,0.004419548605770984,6.271969205833795,0.0,0.019343537871875326,0.022584183319970724,1.6718717858260541,0.013119683210299249,-0.06769280321530502,0.0,456.4766791674511,454.31027270715657,454.4988335429172,454.74647862877026
0.7800000000000004,0.004127133947624904,0.006557471043877966,10.723626264768841,0.005666465603478166,6.267788293204758,0.0,0.02911150511095568,0.026269454935083612,1.859628870188766,0.032858569980867745,-0.07398806848202827,0.0,466.7086913921751,466.21366285007883,465.9790237658739,467.5193688782202
0.8400000000000004,0.006198723476664296,0.008254512605741025,10.837573480151482,0.00774117172647415,6.263007527154805,0.0,0.040391615599351345,0.030497968840709957,1.9384718150285747,0.03781290521473855,-0.09459077104345047,0.0,434.0846010836696,432.34683905440284,433.7204988316551,434.1369048137764
0.9000000000000005,0.009149615553415131,0.010287680990642893,10.961114668856277,0.01015595998230534,6.258004285174291,0.0,0.058610363110868556,0.037558726514581094,2.179123727687378,0.04471537551896666,-0.06723075507230855,0.0,481.95016118785,484.0081177829876,482.7981150929337,483.31927516146243
0.9600000000000005,0.013194680754081936,0.012759263285621238,11.094576402862735,0.013603013614564397,6.253777500227937,0.0,0.07663495073770903,0.0451413096398392,2.269410089229994,0.07517982911524199,-0.0778058805334815,0.0,439.42988074075663,438.5484949884142,436.76697758046043,439.30242683642786
1.0200000000000005,0.01840941553010788,0.015762131002268125,11.23347730563837,0.01782009521658967,6.249838335912553,0.0,0.09760993619385516,0.05539313074761149,2.3604149281185136,0.05805726017826969,-0.04850904636344677,0.0,438.68504747268344,441.10735656906763,439.1336973634772,437.71487031554045
1.0800000000000005,0.025109797996911418,0.019545423409877673,11.382342870753432,0.020992099650816165,6.247211024007047,0.0,0.12605686901556776,0.07111892058147097,2.6012327876660963,0.0396739492137025,-0.03571424821067631,0.0,484.8016574698032,485.76109303360283,484.98075767837446,483.59960410931996
1.1400000000000006,0.03350833849337371,0.024305635718674844,11.543704047688239,0.02417023925374906,6.244934973734477,0.0,0.15412886124139838,0.08786967099972584,2.7770434177572705,0.07124538608629652,-0.042790100440994926,0.0,467.20558639183434,466.6529603802429,465.4995704314995,467.96508747288135
1.2000000000000006,0.04351019804504385,0.030064081613793037,11.712148993039863,0.028162972831043298,6.242990510608134,0.0,0.1794719101633508,0.10447408283375748,2.8376172481402215,0.05493416528846409,-0.017132540653135905,0.0,430.7974501573087,432.9609579302058,432.75724253435067,431.3854523963056
1.2600000000000007,0.055054097618212026,0.036885252570222314,11.883947634872717,0.03164536871028556,6.242295602351712,0.0,0.20539871140088112,0.12321609451591302,2.8888589803059546,0.063620265739002,-0.002311128408422131,0.0,428.828204526219,430.0854708412231,428.8114646644947,429.5511526233667
1.3200000000000007,0.0682396065168501,0.04495946427220671,12.060674025623005,0.03540156679398976,6.242501659607296,0.0,0.2340997430764568,0.1463080895161302,3.001713277796513,0.06048861562299172,0.012977836309601438,0.0,448.69117613618994,449.93065228488297,449.2425586277811,448.9913427878876
1.3800000000000008,0.08320680894226809,0.05455869754036718,12.245835600814457,0.039712003476323865,6.243516839800268,0.0,0.264685517246754,0.17410178702932477,3.1698697067759998,0.088155916761357,0.023822844633603686,0.0,465.81890292566675,466.6661178673556,466.1119669640952,468.2726781281548
1.4400000000000008,0.09992156388199702,0.06586583096213675,12.439516040841957,0.04452259364316813,6.244746171358246,0.0,0.2923183634424195,0.2033255140642262,3.28579554066358,0.055155517634044984,0.012811014051665182,0.0,451.77590135981734,450.88710025153966,453.61837421034824,450.96522334789154
1.5000000000000009,0.11824682293604721,0.07899261865234034,12.63954088929149,0.04754957852894126,6.245785738044887,0.0,0.31841791332782377,0.23454422364554003,3.381402999934854,0.0388176299290706,0.025097793458634055,0.0,444.8492132604243,445.8541489045521,447.7559548500331,446.4263372360718
1.560000000000001,0.13809229185305974,0.09402346417950504,12.844724569347525,0.05002002691999241,6.246860470955092,0.0,0.34295309732485796,0.26670896150198065,3.457811144614051,0.045512436209998744,-0.00306984966078311,0.0,441.5665585474521,439.2366194561875,440.91251053739484,441.4661921804136
1.620000000000001,0.1595029141270134,0.11118556823865318,13.057472130360853,0.0528303259772791,6.246653752900386,0.0,0.37073450274802905,0.30564594122425803,3.633206011021775,0.04936553867448382,-0.004207030348752874,0.0,471.66436297680207,471.5765956171445,471.5427517603076,471.8414880295819
1.680000000000001,0.18260197541435508,0.13077423795725063,13.28121010638261,0.055381121248013976,6.246666092013793,0.0,0.3992215109717796,0.3475996821530453,3.8240773706240265,0.023036492407408876,0.007825204534060522,0.0,476.82786372355076,477.7462090256391,478.45571041634525,476.4476636620342
1.740000000000001,0.2073650727568225,0.1528699875745714,13.515272576435699,0.05667064736335181,6.247573699128942,0.0,0.4261140181536426,0.3890411469517482,3.977466671259806,0.018209454984130513,0.026746208040306915,0.0,466.49834588456383,467.973457241763,468.08076222169456,467.70492170966025
1.8000000000000012,0.2336952593107116,0.17744554515728106,13.757930923557335,0.05821978292686314,6.249227067315065,0.0,0.45136423004191784,0.4302596986848675,4.110661844458782,0.03782863657929632,0.029128463377483704,0.0,462.77961843207777,462.96726186355846,461.51292075322,463.05905511197307
1.8600000000000012,0.26147552304685423,0.20448319747954005,14.007751605628808,0.0600015702407104,6.250674580156401,0.0,0.4744606662358965,0.4711886093373585,4.216291149291909,0.0037669920546398554,0.011542947524935294,0.0,455.17370195258445,453.76412848752005,457.2298058758194,454.50807406893944
1.9200000000000013,0.29056332998239154,0.23391051673098306,14.2623359958154,0.06004685159616319,6.25167826845005,0.0,0.49504070505206904,0.5097201510524636,4.269648646083732,-0.006078153002017991,0.025479482088811855,0.0,438.3516377987181,439.50826842123894,440.7563549800485,439.9418541837072
1.9800000000000013,0.32083843018171043,0.26560220054242983,14.519362609892115,0.0594536459945294,6.254002774409511,0.0,0.5139379128097405,0.5466164106178901,4.297800490866534,-0.018866907590214508,0.0569881948537405,0.0,429.9587641548093,432.6209717538406,433.1879458914782,432.11119870740964
2.0400000000000014,0.3522131925079205,0.29952503882331627,14.77861612220101,0.0580689835314967,6.257025998219397,0.0,0.5315692678448065,0.5840132622040513,4.343820594218549,-0.03321334815059626,0.03197783827064915,0.0,438.87770133377785,436.7982516244876,438.6386236278752,437.4453932196327
2.1000000000000014,0.3846872394067223,0.335875045984317,15.044332310154529,0.05567754539106318,6.259584346550122,0.0,0.5506198093327284,0.6273701239877715,4.512747071629639,-0.058446597805263865,0.05821885183712229,0.0,474.80888543899675,476.81877897565306,477.0798166130515,475.14824944872
2.1600000000000015,0.4181097464467964,0.37445466081079476,15.314564666507168,0.052265315960195124,6.2633777707167155,0.0,0.5631500885781928,0.6583214967934928,4.495095470369135,-0.053892383683065294,0.0717120608446085,0.0,417.7283060979647,418.9065649229975,419.2126683088824,419.6058303293304
2.2200000000000015,0.45218596134715433,0.4147517517224437,15.58218697400016,0.04892783627457753,6.267639563172271,0.0,0.5723930551564511,0.6846690075693891,4.425947337254518,-0.05933454132332713,0.06963013823668257,0.0,401.3784582568027,401.19390649663904,401.05145414547434,400.5543063560411
2.2800000000000016,0.48682501983097587,0.4568242924533148,15.850820842964048,0.04527659839046816,6.27239358545094,0.0,0.581768323685659,0.7173532189329436,4.528146997691953,-0.06407897574940667,0.09363096214604726,0.0,456.4138059992365,458.33015611615787,455.55101215282303,455.16889420022187
2.3400000000000016,0.5219052615648473,0.5007045391391276,16.1239126485157,0.041437361083652036,6.2782009024414105,0.0,0.5870259569249705,0.7449436356776579,4.574762837118722,-0.06380462846377571,0.10245111608870093,0.0,439.4316030682626,440.1702993028936,439.72011036154777,439.7398009150446
2.4000000000000017,0.5571995462807486,0.546316816774164,16.40352696791514,0.03737701134996385,0.0022501493932107763,0.0,0.5886722275762895,0.7749872009592177,4.745060143898727,-0.0768142326669103,0.14305868319308382,0.0,476.4862740213565,479.59200716734085,478.09974803243057,477.10425323168124
2.4600000000000017,0.5924248681412144,0.5935632765910551,16.691430949345293,0.03256407508333581,0.010816910389701562,0.0,0.5846145022618,0.7993851237200091,4.851335316611649,-0.08806932321851843,0.14221541976213653,0.0,459.83173296106355,459.7831789453022,460.680169635594,459.78424488008415
2.520000000000002,0.6272511006216234,0.6421051166331464,16.98370870832582,0.027352306809747873,0.01898904087040254,0.0,0.5754714233101744,0.8181717593542382,4.8911252372398994,-0.08455432426875858,0.12012573115549016,0.0,441.11671061002585,439.3055858294875,440.005260621717,440.2898772353054
2.580000000000002,0.6613384065270175,0.6917253115439159,17.28030684276745,0.022336837044806046,0.02586095841903635,0.0,0.5600489641738787,0.8352950051290413,4.995060027919257,-0.0817324206889972,0.09997189789301786,0.0,461.3385298289062,459.7552548633343,460.17483164684387,460.3927408065657
2.640000000000002,0.6945114921331935,0.7421476539756138,17.577562825121916,0.017788211618264604,0.03181940976036479,0.0,0.5452567562518222,0.8450933069735274,4.913849699213541,-0.0660279135413326,0.09794563378288623,0.0,401.41170213909277,401.2373989734153,400.21471153589926,401.6364762506439
2.700000000000002,0.7267097739561817,0.7930875717013967,17.869834382085596,0.01428281803297704,0.037521161005723336,0.0,0.5275713073024444,0.8526255404911071,4.82891322301889,-0.046422681616225966,0.08844964187016671,0.0,399.09366236610526,398.2346147170741,398.36163442558177,400.1476960036587
2.760000000000002,0.7574713423901204,0.8445319086474139,18.16455376571787,0.011669567308748796,0.04243732632186603,0.0,0.49726401678638876,0.8618687618598307,4.994361066917335,-0.038360406084388045,0.06389441524746907,0.0,479.4676312491997,477.6029756154121,477.4648155535912,478.0786433986954
2.820000000000002,0.786556271415022,0.8964078670264736,18.463471155916015,0.009430720030667139,0.04660812940507508,0.0,0.4718940573515159,0.8671358956113593,4.969661247045133,-0.035300091975183745,0.07887575568250972,0.0,419.7901666304823,421.092249855071,420.06568177250426,420.33027754552046
2.880000000000002,0.8139427032541038,0.948581229631783,18.763082815612076,0.007444203553746753,0.05136015272676797,0.0,0.4405507044039312,0.8717763815335954,5.01718246704235,-0.029051822209724864,0.0798414885796934,0.0,443.09132454492635,443.1757635536398,443.6637779809028,444.176127067002
2.940000000000002,0.8392701264186386,1.0010076452809726,19.067220891571363,0.0059943253112635375,0.05617571218643125,0.0,0.4032299050083,0.875601673227345,5.120286757460801,-0.015844878893571567,0.08108166713148555,0.0,460.7603574302268,460.86333644071385,461.0666813270624,462.108980660727
3.000000000000002,0.8623809228030702,1.0536232284315201,19.375394865215906,0.0052646316325599685,0.06117843293560199,0.0,0.36668636108545094,0.8781714810057762,5.152020157644495,-0.005659551956234429,0.08761425467928442,0.0,439.90709692433603,440.45350424860044,439.3215018418226,440.16545598628016
3.0600000000000023,0.8832948913376608,1.1063734149367803,19.684028127989315,0.004908507330728007,0.0661698194945366,0.0,0.3300077378377565,0.8801375183090088,5.1358065685223915,-0.00649292003424432,0.07242464440548188,0.0,425.7709283924839,424.4750869371968,424.41460751869977,424.3431617823604
3.1200000000000023,0.9014071944939094,1.1592755455966104,19.9994204320094,0.006025911090691061,0.07028440966578309,0.0,0.27329330344863667,0.8833343179231989,5.376140060927457,0.045943061768870794,0.059490462695986485,0.0,502.2082501935147,501.27203343187824,501.04653724074166,504.84476822733467
3.1800000000000024,0.9165866209538,1.2123572407480503,20.32123305561791,0.009150911480860557,0.07389630685908077,0.0,0.23238635511749856,0.8863078434155515,5.351026964325865,0.06216657824316607,0.06157703325614868,0.0,423.8692971345799,424.05136156645966,423.715449197952,425.1099878654743
3.2400000000000024,0.9290926681030431,1.2656946843333918,20.643657541895482,0.012888400601045014,0.0777081333036076,0.0,0.18415255579295003,0.8919599281109911,5.396195334286637,0.06254002271899034,0.06717440920393851,0.0,446.42704437631113,446.8865152000451,446.7355899678778,446.76881732588095
3.3000000000000025,0.938439233407197,1.3194766114761283,20.97124219616791,0.016549849322696986,0.08166345743684644,0.0,0.12703156555417644,0.9011589394175477,5.522633013929297,0.05780712671470183,0.0632931168271575,0.0,472.7077534828764,472.41145767984034,471.84590088697746,471.48273742371975
3.3600000000000025,0.9445663263450571,1.3738287832118579,21.302882503835573,0.02057741278947134,0.08570407053878526,0.0,0.076868634201392,0.9109182212318707,5.531940295381247,0.08119714433695849,0.07441068290441279,0.0,436.8978643497956,437.82742486485404,436.15734965514974,438.1101184232921
3.4200000000000026,0.9475854193325149,1.4288498262289768,21.63535782260065,0.025639097333926664,0.0896569981179125,0.0,0.02339529250139867,0.9235654444625303,5.550407010838379,0.09003515015531335,0.0374558327967481,0.0,441.95527936839034,438.9012096144474,440.04837558266337,440.78536366484155
3.4800000000000026,0.9473726306151385,1.4847124842565995,21.968489314233704,0.03083536653335095,0.09252516799834254,0.0,-0.03070459636757998,0.9389914304485988,5.553887642311782,0.07867233281789665,0.06303778629755895,0.0,434.4682957080633,436.60960567930806,436.8401068126864,435.8976952965153
3.5400000000000027,0.9437807255721175,1.5416182900034665,22.302670255088824,0.035427218355081,0.09602240090964465,0.0,-0.0893377691485692,0.9582921164251058,5.585242408114969,0.07186435050786952,0.046515912795860856,0.0,445.8453321260037,444.49546145591756,445.237781172338,444.684952989007
3.6000000000000028,0.9368298984380221,1.5996841670336164,22.636455085102074,0.03965336195890856,0.09924195663746982,0.0,-0.14261157616415004,0.9775882290243354,5.541059150888478,0.06741510619502948,0.0650719021381222,0.0,420.7620307034297,422.36774826669387,420.5959616608175,420.2144657989192
3.660000000000003,0.9257731839099904,1.659321702678523,22.976092311797757,0.044663401022281946,0.1037132829450984,0.0,-0.2263356753661786,1.0108464763973155,5.7788870185178025,0.1043119760213293,0.08874410323201201,0.0,505.785834309993,507.49152430499043,504.98121769124367,507.6404902391709
3.720000000000003,0.9098983157455471,1.7209474596011696,23.326930506502084,0.05072115070000027,0.10887823592151413,0.0,-0.3033067636492315,1.0439727028444623,5.914877806690055,0.09324961593034023,0.08014739875355906,0.0,480.23420974813763,479.5870641840872,480.2374946148881,479.4054624991162
3.780000000000003,0.8899822627292125,1.7843676706319538,23.679685972077937,0.05651292257044638,0.11391944956578737,0.0,-0.3609704488385431,1.0704868441064441,5.843884311757284,0.10238866346979988,0.09081322189567738,0.0,415.26409004965365,416.2051058665113,416.58041916816643,417.38755367731073
3.840000000000003,0.8660259646160124,1.8497203629625023,24.032504373603082,0.06300447508121643,0.11931951000486407,0.0,-0.43804925983886395,1.1085285131248155,5.916189890496744,0.11780970057892926,0.08832620403766328,0.0,461.98276513517976,461.7930243128348,461.5255636447471,462.75100127519323
3.900000000000003,0.8375001528640327,1.9174020415565183,24.388296443098703,0.07126753010946629,0.12576702188046696,0.0,-0.5133310397809684,1.1482251082273003,5.94321140735051,0.16155475368616198,0.13072181679938763,0.0,448.43398316946104,451.8744597152881,446.2122819313154,449.7860269835914
3.960000000000003,0.8040544680176119,1.98778323410096,24.747845154556853,0.08060519179855063,0.13334572530065092,0.0,-0.6022313229231547,1.1987373470278648,6.040958734283456,0.13987544080095168,0.11559501055110177,0.0,472.44225651631126,471.2876705252473,472.21569884771975,470.5611435182046
4.020000000000002,0.7652150934762508,2.0613246681059363,25.1125319613845,0.08861632366086525,0.1396840886567592,0.0,-0.6930216888051486,1.2534044207742043,6.1146076409087255,0.1161202036774642,0.059998418261352285,0.0,467.85989239023843,463.51801520783135,467.05076018083514,465.20913845733537
4.080000000000001,0.720833708271441,2.1382873468009813,25.48148263795439,0.09564811393739259,0.1434488219597725,0.0,-0.7866448637588684,1.3126480747481835,6.1831469193603485,0.11926472146922339,0.06773824582689925,0.0,464.5122006050976,465.1215235166026,466.3620669375645,466.61925768672177
4.14,0.6714064607722335,2.218511016590487,25.850086725264916,0.10282293133389775,0.14759319039686947,0.0,-0.861285141954036,1.362038179589062,6.103873807314884,0.12020347246267749,0.07161531158675558,0.0,419.9498822494191,420.290039871312,418.5284878326829,418.6240464906842
4.199999999999998,0.6166257988566695,2.3023703998144325,26.21930855982917,0.11046504067335672,0.1522721347690128,0.0,-0.9650949215860767,1.433950584602317,6.202690990445407,0.13880293883271416,0.08837053405473358,0.0,474.3571527104061,475.64665392937195,475.7132196100641,477.14897860976413
4.259999999999997,0.5559589910769794,2.3903831498072745,26.59157822000833,0.11876729529067553,0.15727672085601796,0.0,-1.0575625208733774,1.5005057660616608,6.205974489086485,0.1374935603145212,0.07097354071635113,0.0,449.15349249892984,447.745539181416,447.38634280804854,447.29730797775306
4.319999999999996,0.48970965260349536,2.48249493989027,26.963692587961884,0.12672212640838953,0.1611806118450847,0.0,-1.1510883313303772,1.5705589331235512,6.197579234948915,0.12030466376136965,0.04936221281314259,0.0,446.04674659780454,444.28092079387386,445.21199676419855,443.8190528421335
4.379999999999995,0.41767701994438206,2.5790263791613843,27.335926587389093,0.13420039550462448,0.16411795461406076,0.0,-1.2502281180050914,1.6477650136355821,6.209850371759265,0.1321306883328127,0.04813034680197597,0.0,451.9226646940067,451.82477465443867,451.6177690710171,452.5845737509468
4.439999999999993,0.33998148566540337,2.6800477003279255,27.70684517117598,0.1419595634530637,0.1668692445944835,0.0,-1.3398761166565838,1.7202352222960957,6.154109441052331,0.12301027458149424,0.04086551401661663,0.0,431.4449797000413,430.83231656653516,430.5745729648579,429.8179657620216
4.499999999999992,0.2570170211069895,2.7854057500980596,28.073489647006046,0.14916858353007179,0.16913222881308432,0.0,-1.4258433895479852,1.792268517480693,6.0675585607337,0.11371677024677197,0.03052959296226103,0.0,419.8558386309089,418.9586577966297,421.4512938970574,420.66091454594397
4.559999999999991,0.1689396708442478,2.895118351256538,28.43445272040988,0.15602657474464454,0.17178294589873389,0.0,-1.5103145705193979,1.8653469976679504,5.964813142867301,0.11544020087515097,0.06279514602466908,0.0,412.95548982544796,415.79375473673144,413.9828696906579,414.1472190950865
4.6199999999999894,0.07515633529246485,3.009843096108963,28.792579576605682,0.16331462722234136,0.1760687143708628,0.0,-1.6161266498909117,1.9593709605808,5.972323531215849,0.13139143439008516,0.08469404845443587,0.0,449.1130592080505,450.8898483750451,450.3237497427205,451.62542114751074
4.679999999999988,-0.02479721589703563,3.130095842114593,29.149672543108565,0.17150063341898658,0.18124912805520754,0.0,-1.7160917504731754,2.049673556047021,5.9305806375843835,0.14497067671461406,0.08944254480970458,0.0,434.9624092743399,435.36630730908007,435.04511480215297,436.19838128412516
4.739999999999987,-0.1305306495572442,3.2556091044694764,29.502574785566278,0.18064182725753497,0.18694835660620512,0.0,-1.8088336209848632,2.1347695626422802,5.832915310652683,0.1640642618024107,0.10424338432331327,0.0,415.90646120179036,417.20931265510325,416.3126461624207,418.0035907477627
4.799999999999986,-0.24242065656959907,3.3868365456098006,29.852167616113242,0.19038673024583463,0.1931117414975434,0.0,-1.9213453046708073,2.240233269221275,5.81969980036645,0.15889895006712915,0.09949736870586953,0.0,444.93978260464377,444.56011876691963,445.88912626995915,445.4918743328613
4.859999999999984,-0.3610514558596306,3.5244329865397095,30.200310209860472,0.19988103583345218,0.19949455297865093,0.0,-2.0335278041832936,2.3470270353585163,5.784677201123383,0.156885360486314,0.11744991254962409,0.0,437.8544310590409,439.35568540105004,439.667882730392,439.52503214523153
4.919999999999983,-0.48727195843203436,3.6693164956628954,30.54987896337628,0.2089183369725598,0.20651671378310077,0.0,-2.174386177593951,2.4831188313059536,5.866469835892073,0.13359190337576263,0.11619590083013988,0.0,476.7139467803005,476.62935522698143,478.727519122119,476.9706960999986
4.979999999999982,-0.6211142409795195,3.8215607190880525,30.899752141850822,0.21663628735177642,0.21362542198368306,0.0,-2.287607095281293,2.59224074254542,5.795762158835558,0.11620731663380739,0.12268818957785588,0.0,429.3520191255551,429.91573169932417,431.84592026248475,430.3921471578401
5.0399999999999805,-0.7633435379729093,3.981917194557912,31.25192801132645,0.2243221734456471,0.2211675058035949,0.0,-2.453945302816198,2.7534202296061014,5.9418286965105604,0.14496730837271218,0.13112844241487925,0.0,499.84709179727344,500.47432836070783,497.83973491418203,499.95262688929176
